46.28
66.24
49.19
38.6
50.11
46.93
36.22
58.82
50.41
40.73
51.12
54.57
52.1
62.43
45.08
34.31
58.2
40.44
59.3
51.16
49.3
42.07
61.41
52.19
48.02
66.61
58.35
47.98
65.66
40.74
51.56
41.23
54.05
46.62
56.93
52.47
62.13
47.91
39.33
66.31
56.64
40.95
40.23
62.35
53.94
55.55
63.05
46.07
42.67
46.74
37.33
39.76
62.69
44.53
44.99
29.7
65.25
73.14
46.85
54.84
44.84
57.27
46.47
44.51
33.47
61.94
56.42
41.31
42.11
61.44
39.64
54.65
43.34
21.71
31.13
60.23
49.34
25.3
52.36
49.76
29.34
42.5
50.21
55.11
61.46
40.04
50.71
46.83
30.
62.9
45.43
49.08
46.66
39.11
70.66
41.68
36.11
39.42
67.79
62.87
46.57
45.14
47.71
53.82
72.94
50.45
38.7
41.87
55.03
43.98
52.92
68.78
44.54
71.2
52.6
39.57
44.1
51.74
51.95
43.38
58.29
47.12
34.03
52.53
49.52
66.7
65.8
58.44
46.26
36.16
65.19
69.73
58.46
50.2
55.8
43.55
57.11
59.57
59.3
50.75
38.33
26.75
40.68
35.37
64.85
62.27
42.3
52.67
41.71
59.25
42.72
28.12
42.15
36.97
38.88
47.05
53.61
34.52
50.99
61.03
58.71
54.33
52.52
30.96
68.09
45.33
62.83
56.2
50.4
52.59
53.5
44.56
57.32
43.45
30.91
43.66
61.61
53.25
46.31
44.71
47.45
55.73
62.61
57.91
53.1
44.96
57.82
52.25
52.95
28.19
47.99
56.38
26.57
54.44
60.71
63.28
54.4
40.15
46.31
45.23
48.23
48.32
57.88
36.42
39.63
53.27
45.51
45.18
49.22
59.24
43.61
65.3
26.71
63.56
49.88
21.59
39.41
31.64
37.51
29.68
53.42
50.85
54.74
57.87
68.42
61.18
52.9
47.71
45.73
49.64
55.03
53.89
44.07
58.22
64.9
43.96
38.87
69.19
55.79
41.51
46.55
54.63
51.68
41.33
44.38
25.99
50.56
69.42
55.18
36.63
74.14
49.28
64.41
63.49
53.91
49.62
60.05
43.46
42.76
45.59
55.01
59.04
51.92
61.6
50.22
60.2
43.43
48.69
44.18
25.36
33.98
49.26
56.49
39.13
42.44
41.57
48.8
53.78
55.77
64.5
48.79
57.72
51.07
56.15
42.87
56.25
59.6
46.95
40.97
45.29
57.29
54.32
26.67
40.34
36.92
42.61
46.01
42.37
52.29
62.97
41.21
60.79
39.17
77.67
61.38
61.32
41.2
47.81
42.52
55.43
51.03
43.37
45.99
51.24
47.32
37.23
48.58
42.06
51.4
42.15
36.46
41.11
66.28
48.7
43.68
53.58
41.47
65.97
35.14
42.22
61.51
27.22
38.04
49.85
44.94
42.28
49.78
52.39
45.71
46.11
36.54
41.78
45.18
46.19
33.48
53.65
44.4
46.97
52.54
37.55
47.83
56.6
72.62
49.27
58.27
41.2
37.76
54.17
29.91
44.55
48.85
46.3
41.26
64.93
49.71
45.87
45.78
56.35
47.45
49.91
54.27
49.25
44.86
62.76
52.23
40.51
51.83
57.43
57.55
38.67
38.08
61.11
52.93
54.59
63.57
52.36
42.6
59.1
56.94
57.13
48.05
42.25
61.78
38.89
44.96
56.76
30.96
53.65
47.85
47.27
37.12
34.95
52.32
55.83
60.91
52.65
50.28
69.51
59.2
59.21
51.69
55.17
60.16
46.98
26.25
50.65
42.68
37.76
47.55
60.2
46.68
51.4
50.48
46.37
54.9
53.11
43.08
42.61
35.69
47.91
48.77
46.53
45.63
30.8
57.83
49.59
71.54
44.
53.81
50.74
68.37
47.33
51.77
40.73
46.62
58.
46.13
66.61
27.18
25.4
55.71
63.85
48.26
30.97
71.66
40.15
38.55
40.85
50.01
35.84
37.82
74.17
49.58
36.75
20.57
58.24
54.52
43.89
53.32
42.59
36.2
48.39
61.72
42.32
43.48
26.36
48.65
45.75
52.86
40.52
53.45
58.73
58.66
51.15
34.85
48.66
53.65
50.61
67.31
39.72
41.13
36.15
47.2
70.61
29.31
74.13
50.97
60.21
49.46
50.29
41.01
42.94
62.45
35.5
67.13
48.35
50.51
32.33
56.22
34.95
57.29
56.76
80.39
60.31
48.83
50.25
56.17
43.78
73.58
59.36
38.51
57.14
58.95
49.02
42.97
46.29
45.61
47.92
56.75
42.45
43.61
50.12
50.84
40.25
46.32
55.05
41.87
65.3
62.17
49.83
47.18
52.19
32.49
43.79
46.3
48.33
34.5
44.59
50.02
37.05
53.39
52.36
65.18
61.2
50.13
34.65
34.78
45.24
60.2
58.34
53.62
49.74
58.1
35.93
70.99
66.55
34.88
53.65
51.25
56.79
57.24
60.34
63.53
55.19
46.51
46.46
57.03
51.82
62.48
35.93
48.86
57.01
49.86
43.52
56.35
36.32
31.05
55.32
56.33
48.89
57.81
43.21
54.64
56.72
34.79
49.35
44.05
43.61
52.55
48.53
52.94
58.23
44.7
52.44
60.62
42.66
34.71
49.88
50.42
47.1
24.41
46.65
46.16
41.01
44.72
37.63
53.41
61.85
35.96
56.69
51.67
32.41
41.25
42.74
46.32
36.63
36.21
59.98
46.73
40.47
46.23
70.24
61.66
49.36
41.23
61.33
37.51
44.73
42.06
45.58
55.16
42.48
39.
42.46
62.61
58.67
51.99
44.25
54.8
49.51
44.74
59.25
50.88
55.
60.83
43.3
58.71
66.85
45.51
49.6
54.68
49.82
27.84
56.27
46.83
47.66
49.92
45.49
63.25
40.42
66.67
35.94
63.49
57.76
57.84
71.09
58.83
53.03
51.61
51.01
52.83
56.72
40.4
61.23
58.54
44.62
41.84
51.18
47.3
46.03
57.84
42.31
41.43
74.61
60.94
47.79
41.57
72.52
54.36
62.9
23.59
50.19
26.14
53.49
65.68
50.17
71.91
34.81
62.59
35.79
66.07
51.74
43.39
57.48
46.98
37.57
54.47
53.62
61.44
41.32
26.7
64.66
40.4
64.4
66.27
54.73
40.47
54.62
40.55
69.99
56.81
42.87
46.08
39.25
77.05
50.86
40.33
64.64
43.51
48.39
57.16
43.81
38.29
51.38
31.34
50.57
62.23
49.62
45.35
39.01
53.28
46.7
39.76
51.32
41.73
58.43
47.11
43.68
51.19
53.53
42.53
39.88
40.68
36.48
53.9
22.42
36.82
70.59
45.11
62.58
43.58
49.48
38.73
51.75
61.59
49.52
48.61
55.14
45.76
57.07
50.36
53.98
58.2
54.76
51.65
59.53
32.91
54.05
72.92
46.87
49.34
46.56
58.18
39.09
57.51
34.06
46.8
47.21
56.78
42.36
51.82
49.71
54.66
42.15
55.97
38.61
46.03
61.08
48.59
54.34
44.01
52.15
49.35
42.39
51.76
44.94
40.68
40.34
34.96
38.95
43.96
73.76
44.09
54.07
52.86
51.14
69.1
53.19
42.38
44.93
46.68
55.56
31.9
40.49
36.28
32.89
54.52
48.12
52.21
67.18
30.5
45.7
29.43
40.5
62.86
44.83
74.58
38.49
48.62
50.95
26.92
40.05
34.44
55.59
43.32
49.6
46.86
33.83
69.88
41.27
56.9
60.78
56.98
55.07
50.63
63.76
50.22
49.88
54.92
49.75
44.71
32.12
45.21
50.94
56.29
52.02
59.9
66.46
58.46
49.04
55.34
45.77
31.63
60.02
51.98
36.63
47.94
46.84
62.3
56.36
56.68
47.67
40.5
42.74
46.71
62.5
27.6
55.69
46.25
61.24
60.67
46.65
44.86
42.61
16.91
54.45
58.35
47.18
38.94
59.58
57.77
54.89
44.52
39.59
56.59
53.81
57.32
51.66
45.56
46.45
56.85
57.02
51.28
42.84
58.03
63.31
51.43
52.97
49.33
45.17
54.54
49.33
28.68
62.3
44.54
59.2
48.6
36.27
34.81
42.13
51.15
44.23
53.54
54.84
46.51
32.83
37.07
44.19
43.15
53.68
47.75
62.31
52.64
54.39
51.7
53.03
33.64
29.65
51.14
51.17
30.02
35.72
35.39
50.29
46.74
39.29
45.62
51.54
66.24
42.78
66.79
60.13
41.17
62.83
40.71
38.93
55.86
40.85
42.09
51.97
48.03
34.77
50.01
66.75
49.04
31.53
65.59
70.52
60.37
45.76
37.53
51.54
53.94
52.52
32.11
51.76
66.01
51.39
51.73
53.19